NAME           PHASE  LCONST         MAG   ENERG            SUMS->
Aust_A_3       aust   5.79 5.79 5.79 NA     -96.19658367     [48.0, 0.0, 0.0, 24.0, 0.0, 0.0, 24.0, 0.0, 0.0, 0.0, 0.0, 0.0][0.0, 0.0, 0.0, 0.0, 0.0, 0.0, 0.0, 0.0, 0.0, 0.0, 0.0]
Aust_A_4       aust   5.97 5.97 5.94 sd     -102.8517204     [48.0, 0.0, 0.0, 24.0, 0.0, 0.0, 24.0, 0.0, 0.0, 0.0, 0.0, 0.0][0.0, 0.0, -8.0, 0.0, 0.0, -16.0, 0.0, 0.0, 0.0, 0.0, 0.0]
Aust_A_M       aust   5.98 5.98 5.98 sd     -102.93418296    [48.0, 0.0, 0.0, 24.0, 0.0, 0.0, 24.0, 0.0, 0.0, 0.0, 0.0, 0.0][96.0, 0.0, 24.0, 0.0, 0.0, 48.0, 0.0, 0.0, 48.0, 0.0, 0.0]
Aust_B_1       mart   5.47 5.47 6.92 sd     -103.59196599    [0.0, 32.0, 16.0, 0.0, 16.0, 8.0, 0.0, 16.0, 8.0, 0.0, 0.0, 0.0][0.0, 0.0, 0.0, -16.0, 0.0, 0.0, 8.0, 0.0, 0.0, 0.0, 0.0]
Aust_B_2       mart   5.41 5.41 6.92 sd     -101.71773435    [0.0, 32.0, 16.0, 0.0, 16.0, 8.0, 0.0, 16.0, 8.0, 0.0, 0.0, 0.0][0.0, 64.0, 0.0, 0.0, 8.0, 0.0, 16.0, 0.0, 0.0, 32.0, 16.0]
Aust_B_3       mart   5.3  5.4  7.07 sd     -101.55632925    [0.0, 32.0, 16.0, 0.0, 16.0, 8.0, 0.0, 16.0, 8.0, 0.0, 0.0, 0.0][0.0, 0.0, 0.0, 0.0, 0.0, 0.0, -16.0, 0.0, 0.0, 0.0, 0.0]
Aust_B_M       aust   5.93 5.93 6.02 sd     -103.53129909    [48.0, 0.0, 0.0, 24.0, 0.0, 0.0, 24.0, 0.0, 0.0, 0.0, 0.0, 0.0][96.0, 0.0, 24.0, 0.0, 0.0, 56.0, 0.0, 0.0, 48.0, 0.0, 0.0]
Aust_C_2       mart   5.21 5.29 7.13 sd     -100.58856949    [0.0, 32.0, 16.0, 0.0, 16.0, 12.0, 0.0, 16.0, 0.0, 0.0, 0.0, 4.0][0.0, 32.0, 0.0, 0.0, 4.0, 0.0, 0.0, 0.0, 0.0, 32.0, 16.0]
Aust_C_3       mart   5.49 5.58 6.8  sd     -103.3035869     [0.0, 32.0, 16.0, 0.0, 20.0, 8.0, 0.0, 8.0, 8.0, 0.0, 4.0, 0.0][0.0, 32.0, 0.0, -12.0, 0.0, 0.0, 16.0, 0.0, 0.0, 32.0, 16.0]
Aust_C_4       mart   5.58 5.49 6.76 sd     -103.62754418    [0.0, 32.0, 16.0, 0.0, 20.0, 8.0, 0.0, 8.0, 8.0, 0.0, 4.0, 0.0][0.0, 0.0, 0.0, -20.0, 8.0, 0.0, 16.0, -32.0, 0.0, 0.0, 0.0]
Aust_C_M       mart   5.74 5.74 6.39 sd     -103.36772166    [0.0, 32.0, 16.0, 0.0, 16.0, 12.0, 0.0, 16.0, 0.0, 0.0, 0.0, 4.0][0.0, 96.0, 0.0, 16.0, 12.0, 0.0, 16.0, 32.0, 0.0, 32.0, 16.0]
Aust_C_O       mart   5.5  5.5  6.83 sd     -103.94193114    [0.0, 32.0, 16.0, 0.0, 16.0, 12.0, 0.0, 16.0, 0.0, 0.0, 0.0, 4.0][0.0, 32.0, 0.0, -16.0, 12.0, 0.0, 16.0, -32.0, 0.0, 32.0, 16.0]
Aust_C_P       mart   5.17 5.17 7.16 NA     -99.01648862     [0.0, 32.0, 16.0, 0.0, 16.0, 12.0, 0.0, 16.0, 0.0, 0.0, 0.0, 4.0][0.0, 0.0, 0.0, 0.0, 0.0, 0.0, 0.0, 0.0, 0.0, 0.0, 0.0]
Ni8Mn6In2_1_8  aust   5.91 5.91 5.9  sd     -100.22721957    [48.0, 0.0, 0.0, 24.0, 0.0, 0.0, 24.0, 0.0, 0.0, 0.0, 0.0, 0.0][0.0, 0.0, -8.0, 0.0, 0.0, 16.0, 0.0, 0.0, 0.0, 0.0, 0.0]
Ni8Mn6In2_2_4  mart   5.49 5.5  6.86 sd     -103.62301288    [0.0, 32.0, 16.0, 0.0, 16.0, 8.0, 0.0, 16.0, 8.0, 0.0, 0.0, 0.0][0.0, 32.0, 0.0, -16.0, 8.0, 0.0, 24.0, -32.0, 0.0, 32.0, 16.0]
Mart_A_1       mart   5.34 5.34 7.08 sd     -101.26310759    [0.0, 32.0, 16.0, 0.0, 16.0, 8.0, 0.0, 16.0, 8.0, 0.0, 0.0, 0.0][0.0, 0.0, 0.0, 0.0, 8.0, 0.0, -16.0, 0.0, 0.0, 0.0, 0.0]
Mart_A_2       mart   5.64 5.45 6.81 sd     -102.98724527    [0.0, 32.0, 16.0, 0.0, 16.0, 8.0, 0.0, 16.0, 8.0, 0.0, 0.0, 0.0][0.0, 0.0, 0.0, -8.0, 0.0, 0.0, 0.0, -16.0, 0.0, 0.0, 0.0]
Mart_A_3       mart   5.45 5.45 7.02 sd     -103.29214862    [0.0, 32.0, 16.0, 0.0, 16.0, 8.0, 0.0, 16.0, 8.0, 0.0, 0.0, 0.0][0.0, 0.0, 0.0, -16.0, -8.0, 0.0, 16.0, 32.0, 0.0, 0.0, 0.0]
Mart_A_M       mart   5.75 5.76 6.42 sd     -102.93818086    [0.0, 32.0, 16.0, 0.0, 16.0, 8.0, 0.0, 16.0, 8.0, 0.0, 0.0, 0.0][0.0, 96.0, 0.0, 16.0, 8.0, 0.0, 16.0, 32.0, 0.0, 32.0, 16.0]
Mart_A_O       mart   5.47 5.47 6.97 sd     -103.25568083    [0.0, 32.0, 16.0, 0.0, 16.0, 8.0, 0.0, 16.0, 8.0, 0.0, 0.0, 0.0][0.0, 32.0, 0.0, -16.0, 8.0, 0.0, 16.0, -32.0, 0.0, 32.0, 16.0]
Mart_A_P       mart   5.07 5.07 7.43 NA     -98.29711492     [0.0, 32.0, 16.0, 0.0, 16.0, 8.0, 0.0, 16.0, 8.0, 0.0, 0.0, 0.0][0.0, 0.0, 0.0, 0.0, 0.0, 0.0, 0.0, 0.0, 0.0, 0.0, 0.0]
Mart_B_2       mart   5.48 5.43 6.92 sd     -102.14020389    [0.0, 32.0, 16.0, 0.0, 16.0, 8.0, 0.0, 16.0, 8.0, 0.0, 0.0, 0.0][0.0, 16.0, 0.0, -4.0, 0.0, 0.0, -8.0, -8.0, 0.0, 32.0, 16.0]
Mart_B_3       mart   5.19 5.22 7.24 sd     -99.94703518     [0.0, 32.0, 16.0, 0.0, 16.0, 8.0, 0.0, 16.0, 8.0, 0.0, 0.0, 0.0][0.0, 0.0, 0.0, 0.0, 0.0, 0.0, 0.0, -8.0, 0.0, 0.0, 0.0]
Mart_B_4       mart   5.32 5.33 7.11 sd     -101.70128797    [0.0, 32.0, 16.0, 0.0, 16.0, 8.0, 0.0, 16.0, 8.0, 0.0, 0.0, 0.0][0.0, 0.0, 0.0, -8.0, 4.0, 0.0, 8.0, -16.0, 0.0, 0.0, 0.0]
Mart_B_O       mart   5.3  5.38 7.06 sd     -101.69265951    [0.0, 32.0, 16.0, 0.0, 16.0, 8.0, 0.0, 16.0, 8.0, 0.0, 0.0, 0.0][0.0, 64.0, 0.0, 0.0, 0.0, 0.0, 16.0, 32.0, 0.0, 32.0, 16.0]
Mart_C_1       mart   5.6  5.6  6.67 sd     -103.37572575    [0.0, 32.0, 16.0, 0.0, 16.0, 12.0, 0.0, 16.0, 0.0, 0.0, 0.0, 4.0][0.0, 32.0, 0.0, 0.0, -4.0, 0.0, 16.0, 0.0, 0.0, 32.0, 16.0]
Mart_C_2       mart   5.53 5.44 6.85 sd     -102.5928477     [0.0, 32.0, 16.0, 0.0, 16.0, 12.0, 0.0, 16.0, 0.0, 0.0, 0.0, 4.0][0.0, 8.0, 0.0, 0.0, 8.0, 0.0, -16.0, 0.0, 0.0, 8.0, 0.0]
Mart_C_3       mart   5.63 5.51 6.73 sd     -103.58134177    [0.0, 32.0, 16.0, 0.0, 16.0, 12.0, 0.0, 16.0, 0.0, 0.0, 0.0, 4.0][0.0, 0.0, 0.0, -8.0, 4.0, 0.0, 0.0, -16.0, 0.0, 0.0, 0.0]
Mart_C_4       mart   5.36 5.36 7.05 sd     -101.58783539    [0.0, 32.0, 16.0, 0.0, 16.0, 12.0, 0.0, 16.0, 0.0, 0.0, 0.0, 4.0][0.0, 0.0, 0.0, 0.0, -8.0, 0.0, -16.0, 0.0, 0.0, 0.0, 0.0]
Mart_C_M       mart   5.4  5.4  6.95 sd     -101.9284352     [0.0, 32.0, 16.0, 0.0, 16.0, 12.0, 0.0, 16.0, 0.0, 0.0, 0.0, 4.0][0.0, 64.0, 0.0, 0.0, 8.0, 0.0, 16.0, 0.0, 0.0, 32.0, 16.0]
Ni8Mn6In2_2_4M mart   5.34 5.34 7.09 sd     -100.97802582    [0.0, 32.0, 16.0, 0.0, 16.0, 8.0, 0.0, 16.0, 8.0, 0.0, 0.0, 0.0][0.0, 0.0, 0.0, 0.0, -8.0, 0.0, -16.0, 0.0, 0.0, 0.0, 0.0]
_NiMn          mart   5.72 5.72 6.06 sd     -116.08143991    [0.0, 32.0, 16.0, 0.0, 32.0, 16.0, 0.0, 0.0, 0.0, 0.0, 0.0, 0.0][0.0, 0.0, 0.0, 0.0, 0.0, 0.0, 0.0, 0.0, 0.0, 32.0, 16.0]
_NiMn_0        mart   4.82 4.82 7.36 NA     -113.94038021    [0.0, 32.0, 16.0, 0.0, 32.0, 16.0, 0.0, 0.0, 0.0, 0.0, 0.0, 0.0][0.0, 0.0, 0.0, 0.0, 0.0, 0.0, 0.0, 0.0, 0.0, 0.0, 0.0]
_NiMn_1_PDOS   mart   5.11 5.11 7.16 sd     -118.27371729    [0.0, 32.0, 16.0, 0.0, 32.0, 16.0, 0.0, 0.0, 0.0, 0.0, 0.0, 0.0][0.0, 0.0, 0.0, 0.0, 0.0, 0.0, 0.0, 0.0, 0.0, -32.0, 16.0]
_NiMn_2        mart   5.09 5.09 7.21 sd     -117.32804304    [0.0, 32.0, 16.0, 0.0, 32.0, 16.0, 0.0, 0.0, 0.0, 0.0, 0.0, 0.0][0.0, 0.0, 0.0, 0.0, 0.0, 0.0, 0.0, 0.0, 0.0, -32.0, -16.0]
Ni2MnIn_A_AFM1 aust   6.06 6.06 6.09 sd     -91.05525589     [48.0, 0.0, 0.0, 0.0, 0.0, 0.0, 48.0, 0.0, 0.0, 0.0, 0.0, 0.0][0.0, 0.0, 0.0, 0.0, 0.0, -16.0, 0.0, 0.0, 0.0, 0.0, 0.0]
Ni2MnIn_A_FM   aust   6.06 6.06 6.06 sd     -91.36193936     [48.0, 0.0, 0.0, 0.0, 0.0, 0.0, 48.0, 0.0, 0.0, 0.0, 0.0, 0.0][64.0, 0.0, 0.0, 0.0, 0.0, 48.0, 0.0, 0.0, 48.0, 0.0, 0.0]
Ni2MnIn_A_PM   aust   5.96 5.96 5.96 NA     -85.46045695     [48.0, 0.0, 0.0, 0.0, 0.0, 0.0, 48.0, 0.0, 0.0, 0.0, 0.0, 0.0][0.0, 0.0, 0.0, 0.0, 0.0, 0.0, 0.0, 0.0, 0.0, 0.0, 0.0]
Ni2MnIn_M_PM   mart   5.44 5.44 7.14 NA     -85.86402537     [0.0, 32.0, 16.0, 0.0, 0.0, 0.0, 0.0, 32.0, 16.0, 0.0, 0.0, 0.0][0.0, 0.0, 0.0, 0.0, 0.0, 0.0, 0.0, 0.0, 0.0, 0.0, 0.0]
NiMn           aust   5.84 5.84 5.84 sd     -116.06918201    [48.0, 0.0, 0.0, 48.0, 0.0, 0.0, 0.0, 0.0, 0.0, 0.0, 0.0, 0.0][0.0, 0.0, 0.0, 0.0, 0.0, 0.0, 0.0, 0.0, 48.0, 0.0, 0.0]
NiMn_0         aust   5.59 5.59 5.59 NA     -109.64589019    [48.0, 0.0, 0.0, 48.0, 0.0, 0.0, 0.0, 0.0, 0.0, 0.0, 0.0, 0.0][0.0, 0.0, 0.0, 0.0, 0.0, 0.0, 0.0, 0.0, 0.0, 0.0, 0.0]
NiMn_2         aust   5.79 5.79 5.79 sd     -115.88357991    [48.0, 0.0, 0.0, 48.0, 0.0, 0.0, 0.0, 0.0, 0.0, 0.0, 0.0, 0.0][0.0, 0.0, 0.0, 0.0, 0.0, 0.0, 0.0, 0.0, -48.0, 0.0, 0.0]
2_NiMn_2       mart   5.19 5.42 6.84 sd     -116.34587955    [0.0, 32.0, 16.0, 0.0, 32.0, 16.0, 0.0, 0.0, 0.0, 0.0, 0.0, 0.0][0.0, 0.0, 0.0, 0.0, 0.0, 0.0, 0.0, 0.0, 0.0, 0.0, 16.0]
2_NiMn_3       mart   5.12 5.26 7.02 sd     -116.90565122    [0.0, 32.0, 16.0, 0.0, 32.0, 16.0, 0.0, 0.0, 0.0, 0.0, 0.0, 0.0][0.0, 0.0, 0.0, 0.0, 0.0, 0.0, 0.0, 0.0, 0.0, -16.0, 0.0]
2NiMn_5        aust   5.8  5.8  5.8  sd     -115.93543797    [48.0, 0.0, 0.0, 48.0, 0.0, 0.0, 0.0, 0.0, 0.0, 0.0, 0.0, 0.0][0.0, 0.0, 0.0, 0.0, 0.0, 0.0, 0.0, 0.0, -24.0, 0.0, 0.0]
Aust_B_1       mart   5.98 5.8  6.43 sd     -90.99479599     [0.0, 32.0, 16.0, 0.0, 8.0, 8.0, 0.0, 16.0, 0.0, 0.0, 8.0, 8.0][0.0, 0.0, 0.0, -8.0, 8.0, 0.0, 0.0, -16.0, 0.0, 0.0, 0.0]
aust_B_2       mart   6.01 6.01 6.19 sd     -90.60253471     [0.0, 32.0, 16.0, 0.0, 16.0, 0.0, 0.0, 0.0, 16.0, 0.0, 16.0, 0.0][0.0, 0.0, 0.0, -16.0, 0.0, 0.0, 16.0, 0.0, 0.0, 0.0, 0.0]
Aust_C_1       mart   5.98 5.97 6.29 sd     -90.75116214     [0.0, 32.0, 16.0, 0.0, 4.0, 4.0, 0.0, 24.0, 8.0, 0.0, 4.0, 4.0][0.0, 0.0, 0.0, -4.0, 4.0, 0.0, -8.0, 0.0, 0.0, 0.0, 0.0]
Aust_D_1       mart   5.78 5.78 6.74 sd     -90.46111502     [0.0, 32.0, 16.0, 0.0, 0.0, 8.0, 0.0, 32.0, 0.0, 0.0, 0.0, 8.0][0.0, 0.0, 0.0, 0.0, 8.0, 0.0, -16.0, 0.0, 0.0, 0.0, 0.0]
Aust_D_2       aust   6.1  6.1  6.07 sd     -90.47912529     [48.0, 0.0, 0.0, 8.0, 0.0, 0.0, 32.0, 0.0, 0.0, 8.0, 0.0, 0.0][0.0, 0.0, -8.0, 0.0, 0.0, 16.0, 0.0, 0.0, 0.0, 0.0, 0.0]
Aust_E_2       mart   5.96 5.96 6.29 sd     -90.97320551     [0.0, 32.0, 16.0, 0.0, 8.0, 4.0, 0.0, 16.0, 8.0, 0.0, 8.0, 4.0][0.0, 0.0, 0.0, -8.0, 4.0, 0.0, 8.0, -16.0, 0.0, 0.0, 0.0]
Aust_F_2       aust   6.11 6.11 6.01 sd     -90.57369077     [48.0, 0.0, 0.0, 12.0, 0.0, 0.0, 24.0, 0.0, 0.0, 12.0, 0.0, 0.0][0.0, 0.0, -12.0, 0.0, 0.0, 16.0, 0.0, 0.0, 0.0, 0.0, 0.0]
Mart_C_2       aust   6.12 6.11 6.0  sd     -90.54580111     [48.0, 0.0, 0.0, 8.0, 0.0, 0.0, 32.0, 0.0, 0.0, 8.0, 0.0, 0.0][0.0, 0.0, -8.0, 0.0, 0.0, -8.0, 0.0, 0.0, 0.0, 0.0, 0.0]
Mart_C_3       aust   6.1  6.06 6.01 NA     -89.64791551     [48.0, 0.0, 0.0, 8.0, 0.0, 0.0, 32.0, 0.0, 0.0, 8.0, 0.0, 0.0][0.0, 0.0, -4.0, 0.0, 0.0, 8.0, 0.0, 0.0, 0.0, 0.0, 0.0]
Mart_D_2       mart   6.0  6.03 6.23 sd     -90.46215669     [0.0, 32.0, 16.0, 0.0, 0.0, 8.0, 0.0, 32.0, 0.0, 0.0, 0.0, 8.0][0.0, 0.0, 0.0, 0.0, -8.0, 0.0, 16.0, 0.0, 0.0, 0.0, 0.0]
Mart_D_3       aust   6.05 6.06 6.16 sd     -90.2034177      [48.0, 0.0, 0.0, 8.0, 0.0, 0.0, 32.0, 0.0, 0.0, 8.0, 0.0, 0.0][0.0, 0.0, -8.0, 0.0, 0.0, -16.0, 0.0, 0.0, 0.0, 0.0, 0.0]
Mart_F_3       mart   6.01 5.98 6.23 sd     -90.63541669     [0.0, 32.0, 16.0, 0.0, 8.0, 4.0, 0.0, 16.0, 8.0, 0.0, 8.0, 4.0][0.0, 0.0, 0.0, -8.0, 4.0, 0.0, 0.0, -16.0, 0.0, 0.0, 0.0]
_NiMn          mart   5.72 5.72 6.06 fm     -116.08143991    [0.0, 32.0, 16.0, 0.0, 32.0, 16.0, 0.0, 0.0, 0.0, 0.0, 0.0, 0.0][0.0, 128.0, 0.0, 32.0, 16.0, 0.0, 32.0, 64.0, 0.0, 32.0, 16.0]
_NiMn_1        mart   5.09 5.09 7.21 afm    -117.32804306    [0.0, 32.0, 16.0, 0.0, 32.0, 16.0, 0.0, 0.0, 0.0, 0.0, 0.0, 0.0][0.0, 0.0, 0.0, -32.0, -16.0, 0.0, 32.0, 64.0, 0.0, 0.0, 0.0]
_NiMn_2        mart   5.19 5.42 6.84 afm    -116.34587955    [0.0, 32.0, 16.0, 0.0, 32.0, 16.0, 0.0, 0.0, 0.0, 0.0, 0.0, 0.0][0.0, 0.0, 0.0, 0.0, 16.0, 0.0, -32.0, 0.0, 0.0, 0.0, 0.0]
_NiMn_3        mart   5.12 5.26 7.02 sd     -116.90565122    [0.0, 32.0, 16.0, 0.0, 32.0, 16.0, 0.0, 0.0, 0.0, 0.0, 0.0, 0.0][0.0, 0.0, 0.0, -16.0, 0.0, 0.0, 0.0, 0.0, 0.0, 0.0, 0.0]
_NiMn_6        mart   5.26 5.32 6.88 sd     -116.10882451    [0.0, 32.0, 16.0, 0.0, 32.0, 16.0, 0.0, 0.0, 0.0, 0.0, 0.0, 0.0][0.0, 0.0, 0.0, 0.0, 0.0, 0.0, 0.0, -32.0, 0.0, 0.0, 0.0]
NiMn_1         aust   5.79 5.79 5.79 afm    -115.88358978    [48.0, 0.0, 0.0, 48.0, 0.0, 0.0, 0.0, 0.0, 0.0, 0.0, 0.0, 0.0][0.0, 0.0, -48.0, 0.0, 0.0, 96.0, 0.0, 0.0, 0.0, 0.0, 0.0]
NiMn_5         aust   5.8  5.8  5.8  sd     -115.93543797    [48.0, 0.0, 0.0, 48.0, 0.0, 0.0, 0.0, 0.0, 0.0, 0.0, 0.0, 0.0][32.0, 0.0, -24.0, 0.0, 0.0, 48.0, 0.0, 0.0, 48.0, 0.0, 0.0]
NiMn           aust   5.84 5.84 5.84 fm     -116.069182      [48.0, 0.0, 0.0, 48.0, 0.0, 0.0, 0.0, 0.0, 0.0, 0.0, 0.0, 0.0][128.0, 0.0, 48.0, 0.0, 0.0, 96.0, 0.0, 0.0, 48.0, 0.0, 0.0]
_NiMn_1        mart   5.11 5.11 7.16 afm    -118.2737173     [0.0, 32.0, 16.0, 0.0, 32.0, 16.0, 0.0, 0.0, 0.0, 0.0, 0.0, 0.0][0.0, 0.0, 0.0, -32.0, 16.0, 0.0, 32.0, -64.0, 0.0, 0.0, 0.0]
