NAME           SCALED_SUMS->
Aust_A_3       [0.0, 0.0, 0.0, 0.0, 0.0, 0.0, 0.0, 0.0, 0.0, 0.0, 0.0]
Aust_A_4       [0.0, 0.0, -0.16666666666666666, 0.0, 0.0, -0.16666666666666666, 0.0, 0.0, 0.0, 0.0, 0.0]
Aust_A_M       [1.0, 0.0, 0.5, 0.0, 0.0, 0.5, 0.0, 0.0, 1.0, 0.0, 0.0]
Aust_B_1       [0.0, 0.0, 0.0, 0.0, 0.0, 0.0, 0.0, 0.0, 0.0, 0.0, 0.0]
Aust_B_2       [0.0, 0.0, 0.0, 0.0, 0.0, 0.0, 0.0, 0.0, 0.0, 0.0, 0.0]
Aust_B_3       [0.0, 0.0, 0.0, 0.0, 0.0, 0.0, 0.0, 0.0, 0.0, 0.0, 0.0]
Aust_B_M       [0.0, 0.0, 0.0, 0.0, 0.0, 0.0, 0.0, 0.0, 0.0, 0.0, 0.0]
Aust_C_2       [0.0, 0.3333333333333333, 0.0, 0.0, 0.25, 0.0, 0.0, 0.0, 0.0, 1.0, 1.0]
Aust_C_3       [0.0, 0.3333333333333333, 0.0, -0.375, 0.0, 0.0, 0.5, 0.0, 0.0, 1.0, 1.0]
Aust_C_4       [0.0, 0.0, 0.0, 0.0, 0.0, 0.0, 0.0, 0.0, 0.0, 0.0, 0.0]
Aust_C_M       [0.0, 0.0, 0.0, 0.0, 0.0, 0.0, 0.0, 0.0, 0.0, 0.0, 0.0]
Aust_C_O       [0.0, 0.0, 0.0, 0.0, 0.0, 0.0, 0.0, 0.0, 0.0, 0.0, 0.0]
Aust_C_P       [0.0, 0.0, 0.0, 0.0, 0.0, 0.0, 0.0, 0.0, 0.0, 0.0, 0.0]
Ni8Mn6In2_1_8  [0.0, 0.0, 0.0, 0.0, 0.0, 0.0, 0.0, 0.0, 0.0, 0.0, 0.0]
Ni8Mn6In2_2_4  [0.0, 0.3333333333333333, 0.0, -0.5, 0.5, 0.0, 0.75, -0.5, 0.0, 1.0, 1.0]
Mart_A_1       [0.0, 0.0, 0.0, 0.0, 0.5, 0.0, -0.5, 0.0, 0.0, 0.0, 0.0]
Mart_A_2       [0.0, 0.0, 0.0, -0.25, 0.0, 0.0, 0.0, -0.25, 0.0, 0.0, 0.0]
Mart_A_3       [0.0, 0.0, 0.0, -0.5, -0.5, 0.0, 0.5, 0.5, 0.0, 0.0, 0.0]
Mart_A_M       [0.0, 1.0, 0.0, 0.5, 0.5, 0.0, 0.5, 0.5, 0.0, 1.0, 1.0]
Mart_A_O       [0.0, 0.3333333333333333, 0.0, -0.5, 0.5, 0.0, 0.5, -0.5, 0.0, 1.0, 1.0]
Mart_A_P       [0.0, 0.0, 0.0, 0.0, 0.0, 0.0, 0.0, 0.0, 0.0, 0.0, 0.0]
Mart_B_2       [0.0, 0.0, 0.0, 0.0, 0.0, 0.0, 0.0, 0.0, 0.0, 0.0, 0.0]
Mart_B_3       [0.0, 0.0, 0.0, 0.0, 0.0, 0.0, 0.0, -0.125, 0.0, 0.0, 0.0]
Mart_B_4       [0.0, 0.0, 0.0, 0.0, 0.0, 0.0, 0.0, 0.0, 0.0, 0.0, 0.0]
Mart_B_O       [0.0, 0.6666666666666666, 0.0, 0.0, 0.0, 0.0, 0.5, 0.5, 0.0, 1.0, 1.0]
Mart_C_1       [0.0, 0.3333333333333333, 0.0, 0.0, -0.25, 0.0, 0.5, 0.0, 0.0, 1.0, 1.0]
Mart_C_2       [0.0, 0.0, 0.0, 0.0, 0.0, 0.0, 0.0, 0.0, 0.0, 0.0, 0.0]
Mart_C_3       [0.0, 0.0, 0.0, -0.25, 0.25, 0.0, 0.0, -0.25, 0.0, 0.0, 0.0]
Mart_C_4       [0.0, 0.0, 0.0, 0.0, -0.5, 0.0, -0.5, 0.0, 0.0, 0.0, 0.0]
Mart_C_M       [0.0, 0.0, 0.0, 0.0, 0.0, 0.0, 0.0, 0.0, 0.0, 0.0, 0.0]
Ni8Mn6In2_2_4M [0.0, 0.0, 0.0, 0.0, 0.0, 0.0, 0.0, 0.0, 0.0, 0.0, 0.0]
_NiMn          [0.0, 0.0, 0.0, 0.0, 0.0, 0.0, 0.0, 0.0, 0.0, 1.0, 1.0]
_NiMn_0        [0.0, 0.0, 0.0, 0.0, 0.0, 0.0, 0.0, 0.0, 0.0, 0.0, 0.0]
_NiMn_1_PDOS   [0.0, 0.0, 0.0, 0.0, 0.0, 0.0, 0.0, 0.0, 0.0, 0.0, 0.0]
_NiMn_2        [0.0, 0.0, 0.0, 0.0, 0.0, 0.0, 0.0, 0.0, 0.0, 0.0, 0.0]
Ni2MnIn_A_AFM1 [0.0, 0.0, 0.0, 0.0, 0.0, -0.16666666666666666, 0.0, 0.0, 0.0, 0.0, 0.0]
Ni2MnIn_A_FM   [0.6666666666666666, 0.0, 0.0, 0.0, 0.0, 0.5, 0.0, 0.0, 1.0, 0.0, 0.0]
Ni2MnIn_A_PM   [0.0, 0.0, 0.0, 0.0, 0.0, 0.0, 0.0, 0.0, 0.0, 0.0, 0.0]
Ni2MnIn_M_PM   [0.0, 0.0, 0.0, 0.0, 0.0, 0.0, 0.0, 0.0, 0.0, 0.0, 0.0]
NiMn           [0.0, 0.0, 0.0, 0.0, 0.0, 0.0, 0.0, 0.0, 0.0, 0.0, 0.0]
NiMn_0         [0.0, 0.0, 0.0, 0.0, 0.0, 0.0, 0.0, 0.0, 0.0, 0.0, 0.0]
NiMn_2         [0.0, 0.0, 0.0, 0.0, 0.0, 0.0, 0.0, 0.0, 0.0, 0.0, 0.0]
2_NiMn_2       [0.0, 0.0, 0.0, 0.0, 0.0, 0.0, 0.0, 0.0, 0.0, 0.0, 1.0]
2_NiMn_3       [0.0, 0.0, 0.0, 0.0, 0.0, 0.0, 0.0, 0.0, 0.0, -0.5, 0.0]
2NiMn_5        [0.0, 0.0, 0.0, 0.0, 0.0, 0.0, 0.0, 0.0, 0.0, 0.0, 0.0]
Aust_B_1       [0.0, 0.0, 0.0, -0.25, 0.5, 0.0, 0.0, -0.25, 0.0, 0.0, 0.0]
aust_B_2       [0.0, 0.0, 0.0, -0.5, 0.0, 0.0, 0.5, 0.0, 0.0, 0.0, 0.0]
Aust_C_1       [0.0, 0.0, 0.0, -0.125, 0.25, 0.0, -0.25, 0.0, 0.0, 0.0, 0.0]
Aust_D_1       [0.0, 0.0, 0.0, 0.0, 0.0, 0.0, 0.0, 0.0, 0.0, 0.0, 0.0]
Aust_D_2       [0.0, 0.0, 0.0, 0.0, 0.0, 0.0, 0.0, 0.0, 0.0, 0.0, 0.0]
Aust_E_2       [0.0, 0.0, 0.0, -0.25, 0.25, 0.0, 0.25, -0.25, 0.0, 0.0, 0.0]
Aust_F_2       [0.0, 0.0, 0.0, 0.0, 0.0, 0.0, 0.0, 0.0, 0.0, 0.0, 0.0]
Mart_C_2       [0.0, 0.0, 0.0, 0.0, 0.0, 0.0, 0.0, 0.0, 0.0, 0.0, 0.0]
Mart_C_3       [0.0, 0.0, 0.0, 0.0, 0.0, 0.0, 0.0, 0.0, 0.0, 0.0, 0.0]
Mart_D_2       [0.0, 0.0, 0.0, 0.0, -0.5, 0.0, 0.5, 0.0, 0.0, 0.0, 0.0]
Mart_D_3       [0.0, 0.0, 0.0, 0.0, 0.0, 0.0, 0.0, 0.0, 0.0, 0.0, 0.0]
Mart_F_3       [0.0, 0.0, 0.0, -0.25, 0.25, 0.0, 0.0, -0.25, 0.0, 0.0, 0.0]
_NiMn          [0.0, 1.3333333333333333, 0.0, 1.0, 1.0, 0.0, 1.0, 1.0, 0.0, 1.0, 1.0]
_NiMn_1        [0.0, 0.0, 0.0, -1.0, -1.0, 0.0, 1.0, 1.0, 0.0, 0.0, 0.0]
_NiMn_2        [0.0, 0.0, 0.0, 0.0, 1.0, 0.0, -1.0, 0.0, 0.0, 0.0, 0.0]
_NiMn_3        [0.0, 0.0, 0.0, -0.5, 0.0, 0.0, 0.0, 0.0, 0.0, 0.0, 0.0]
_NiMn_6        [0.0, 0.0, 0.0, 0.0, 0.0, 0.0, 0.0, -0.5, 0.0, 0.0, 0.0]
NiMn_1         [0.0, 0.0, 0.0, 0.0, 0.0, 0.0, 0.0, 0.0, 0.0, 0.0, 0.0]
NiMn_5         [0.0, 0.0, 0.0, 0.0, 0.0, 0.0, 0.0, 0.0, 0.0, 0.0, 0.0]
NiMn           [0.0, 0.0, 0.0, 0.0, 0.0, 0.0, 0.0, 0.0, 0.0, 0.0, 0.0]
_NiMn_1        [0.0, 0.0, 0.0, -1.0, 1.0, 0.0, 1.0, -1.0, 0.0, 0.0, 0.0]
